71
69
84
32
47
102
97
118
105
99
111
110
46
105
99
111
32
72
84
84
80
47
49
46
49
13
10
72
111
115
116
58
32
108
111
99
97
108
104
111
115
116
58
56
48
51
52
13
10
67
111
110
110
101
99
116
105
111
110
58
32
107
101
101
112
45
97
108
105
118
101
13
10
80
114
97
103
109
97
58
32
110
111
45
99
97
99
104
101
13
10
67
97
99
104
101
45
67
111
110
116
114
111
108
58
32
110
111
45
99
97
99
104
101
13
10
85
115
101
114
45
65
103
101
110
116
58
32
77
111
122
105
108
108
97
47
53
46
48
32
40
87
105
110
100
111
119
115
32
78
84
32
49
48
46
48
59
32
87
79
87
54
52
41
32
65
112
112
108
101
87
101
98
75
105
116
47
53
51
55
46
51
54
32
40
75
72
84
77
76
44
32
108
105
107
101
32
71
101
99
107
111
41
32
67
104
114
111
109
101
47
54
56
46
48
46
51
52
52
48
46
49
48
54
32
83
97
102
97
114
105
47
53
51
55
46
51
54
13
10
65
99
99
101
112
116
58
32
105
109
97
103
101
47
119
101
98
112
44
105
109
97
103
101
47
97
112
110
103
44
105
109
97
103
101
47
42
44
42
47
42
59
113
61
48
46
56
13
10
82
101
102
101
114
101
114
58
32
104
116
116
112
58
47
47
108
111
99
97
108
104
111
115
116
58
56
48
51
52
47
13
10
65
99
99
101
112
116
45
69
110
99
111
100
105
110
103
58
32
103
122
105
112
44
32
100
101
102
108
97
116
101
44
32
98
114
13
10
65
99
99
101
112
116
45
76
97
110
103
117
97
103
101
58
32
122
104
45
67
78
44
122
104
59
113
61
48
46
57
44
101
110
59
113
61
48
46
56
13
10
67
111
111
107
105
101
58
32
74
83
69
83
83
73
79
78
73
68
61
52
53
50
67
57
65
53
55
54
65
50
56
65
70
67
65
68
70
50
51
66
51
49
56
53
67
66
49
55
48
56
67
13
10
13
10
111
107
105
101
58
74
83
69
83
83
73
79
78
73
68
61
52
53
50
67
57
65
53
55
54
65
50
56
65
70
67
65
68
70
50
51
66
51
49
56
53
67
66
49
55
48
56
67
67
13
10
13
10
0
0
0
0
0
0
0
0
0
0
0
0
0
0
0
0
0
0
0
0
0
0
0
0
0
0
0
0
0
0
0
0
0
0
0
0
0
0
0
0
0
0
0
0
0
0
0
0
0
0
0
0
0
0
0
0
0
0
0
0
0
0
0
0
0
0
0
0
0
0
0
0
0
0
0
0
0
0
0
0
0
0
0
0
0
0
0
0
0
0
0
0
0
0
0
0
0
0
0
0

GET /favicon.ico HTTP/1.1
Host: localhost:8034
Connection: keep-alive
Pragma: no-cache
Cache-Control: no-cache
User-Agent: Mozilla/5.0 (Windows NT 10.0; WOW64) AppleWebKit/537.36 (KHTML, like Gecko) Chrome/68.0.3440.106 Safari/537.36
Accept: image/webp,image/apng,image/*,*/*;q=0.8
Referer: http://localhost:8034/
Accept-Encoding: gzip, deflate, br
Accept-Language: zh-CN,zh;q=0.9,en;q=0.8
Cookie: JSESSIONID=452C9A576A28AFCADF23B3185CB1708C

okie:JSESSIONID=452C9A576A28AFCADF23B3185CB1708CC

